0
y = 4:-.5:1
