0
a = 3 + 4*i
b = a + 2
