0
C = [B;5.2,1.0,0.0]
