--> x = clock

x = 

   1.0e+03 * 
    2.0120    0.0020    0.0080    0.0220    0.0420    0.0415 

--> sleep(1)
--> y = clock

y = 

   1.0e+03 * 
    2.0120    0.0020    0.0080    0.0220    0.0420    0.0425 

--> clocktotime(y) - clocktotime(x)

ans = 
    1.0010 
