--> A = randn(512);
--> setprintlimit(10)
--> A

ans = 

 Columns 1 to 7

   -0.2514   -0.1353   -1.3148    1.7915   -0.4740   -1.6836   -0.2605 
   -0.6206   -0.6711   -0.4389
Print limit has been reached.  Use setprintlimit function to enable longer printouts
--> setprintlimit(1000)
