--> [X,Y] = meshgrid(-2:.4:2)
X = 

 Columns 1 to 7

   -2.0000   -1.6000   -1.2000   -0.8000   -0.4000    0.0000    0.4000 
   -2.0000   -1.6000   -1.2000   -0.8000   -0.4000    0.0000    0.4000 
   -2.0000   -1.6000   -1.2000   -0.8000   -0.4000    0.0000    0.4000 
   -2.0000   -1.6000   -1.2000   -0.8000   -0.4000    0.0000    0.4000 
   -2.0000   -1.6000   -1.2000   -0.8000   -0.4000    0.0000    0.4000 
   -2.0000   -1.6000   -1.2000   -0.8000   -0.4000    0.0000    0.4000 
   -2.0000   -1.6000   -1.2000   -0.8000   -0.4000    0.0000    0.4000 
   -2.0000   -1.6000   -1.2000   -0.8000   -0.4000    0.0000    0.4000 
   -2.0000   -1.6000   -1.2000   -0.8000   -0.4000    0.0000    0.4000 
   -2.0000   -1.6000   -1.2000   -0.8000   -0.4000    0.0000    0.4000 
   -2.0000   -1.6000   -1.2000   -0.8000   -0.4000    0.0000    0.4000 

 Columns 8 to 11

    0.8000    1.2000    1.6000    2.0000 
    0.8000    1.2000    1.6000    2.0000 
    0.8000    1.2000    1.6000    2.0000 
    0.8000    1.2000    1.6000    2.0000 
    0.8000    1.2000    1.6000    2.0000 
    0.8000    1.2000    1.6000    2.0000 
    0.8000    1.2000    1.6000    2.0000 
    0.8000    1.2000    1.6000    2.0000 
    0.8000    1.2000    1.6000    2.0000 
    0.8000    1.2000    1.6000    2.0000 
    0.8000    1.2000    1.6000    2.0000 

Y = 

 Columns 1 to 7

   -2.0000   -2.0000   -2.0000   -2.0000   -2.0000   -2.0000   -2.0000 
   -1.6000   -1.6000   -1.6000   -1.6000   -1.6000   -1.6000   -1.6000 
   -1.2000   -1.2000   -1.2000   -1.2000   -1.2000   -1.2000   -1.2000 
   -0.8000   -0.8000   -0.8000   -0.8000   -0.8000   -0.8000   -0.8000 
   -0.4000   -0.4000   -0.4000   -0.4000   -0.4000   -0.4000   -0.4000 
    0.0000    0.0000    0.0000    0.0000    0.0000    0.0000    0.0000 
    0.4000    0.4000    0.4000    0.4000    0.4000    0.4000    0.4000 
    0.8000    0.8000    0.8000    0.8000    0.8000    0.8000    0.8000 
    1.2000    1.2000    1.2000    1.2000    1.2000    1.2000    1.2000 
    1.6000    1.6000    1.6000    1.6000    1.6000    1.6000    1.6000 
    2.0000    2.0000    2.0000    2.0000    2.0000    2.0000    2.0000 

 Columns 8 to 11

   -2.0000   -2.0000   -2.0000   -2.0000 
   -1.6000   -1.6000   -1.6000   -1.6000 
   -1.2000   -1.2000   -1.2000   -1.2000 
   -0.8000   -0.8000   -0.8000   -0.8000 
   -0.4000   -0.4000   -0.4000   -0.4000 
    0.0000    0.0000    0.0000    0.0000 
    0.4000    0.4000    0.4000    0.4000 
    0.8000    0.8000    0.8000    0.8000 
    1.2000    1.2000    1.2000    1.2000 
    1.6000    1.6000    1.6000    1.6000 
    2.0000    2.0000    2.0000    2.0000 
