--> A = float(rand(4))

A = 
    0.4011    0.4747    0.9193    0.8655 
    0.8633    0.0123    0.0599    0.5917 
    0.4939    0.5458    0.9481    0.4566 
    0.9335    0.8614    0.7993    0.6394 

--> [u,s,v] = svd(A)    % Compute the full decomposition
u = 
   -0.5290    0.2711    0.7178    0.3626 
   -0.3004   -0.8911    0.2379   -0.2431 
   -0.4868    0.3556   -0.0927   -0.7925 
   -0.6269   -0.0778   -0.6478    0.4259 

s = 
    2.5579         0         0         0 
         0    0.7905         0         0 
         0         0    0.4392         0 
         0         0         0    0.1705 

v = 
   -0.5071   -0.7054   -0.3579   -0.3422 
   -0.4146    0.3096   -0.6032    0.6070 
   -0.5735    0.5955    0.1558   -0.5406 
   -0.4921   -0.2279    0.6955    0.4713 

--> sigmas = svd(A)     % Only want the singular values

sigmas = 
    2.5579 
    0.7905 
    0.4392 
    0.1705 
