0
A = [1,2;3,2]
B = [2,1.5;0.5,0.6]
C = A.^B
