0
a = [1,2;3,4]
b = [2,3;6,7]
c = a ./ b
