0
A = [5,1,3;3,2,1;0,3,1]
