-->       [t,y]=ode45(@(t,y) y,[0 3],1)
t = 

 Columns 1 to 7

         0    0.0030    0.0180    0.0930    0.3930    0.6930    0.9930 

 Columns 8 to 14

    1.2930    1.5930    1.8930    2.1930    2.4930    2.7930    3.0000 

y = 
    1.0000 
    1.0030 
    1.0182 
    1.0975 
    1.4814 
    1.9997 
    2.6993 
    3.6437 
    4.9185 
    6.6392 
    8.9620 
   12.0975 
   16.3299 
   20.0854 
