0
B = [1,1;0,1];
A = [4,5]
A/B
