--> format short
--> a*1e4

ans = 

   1.0e+04 * 
   -0.3756    0.0920    0.9516    1.8527 
    0.5078   -0.2088   -0.3120   -0.2380 
    0.5578    0.7695    0.0226    2.9326 
   -0.4420   -0.4871   -0.7582   -0.5059 

--> a*1e-4

ans = 

   1.0e-04 * 
   -0.3756    0.0920    0.9516    1.8527 
    0.5078   -0.2088   -0.3120   -0.2380 
    0.5578    0.7695    0.0226    2.9326 
   -0.4420   -0.4871   -0.7582   -0.5059 

--> b*1e4

ans = 

   1.0e+04 * 
    0.2010    0.3416    0.1562   -0.5460 
    1.2842   -0.3808   -1.2720   -0.3398 
   -0.7660   -0.6251    2.4811    0.7956 
   -0.1727    0.8577    1.5701   -1.5048 

--> b*1e-4

ans = 

   1.0e-04 * 
    0.2010    0.3416    0.1562   -0.5460 
    1.2842   -0.3808   -1.2720   -0.3398 
   -0.7660   -0.6251    2.4811    0.7956 
   -0.1727    0.8577    1.5701   -1.5048 
