0
y = 1:4
