--> clock

ans = 

   1.0e+03 * 
    2.0120    0.0020    0.0080    0.0220    0.0420    0.0412 
