--> randf(5*ones(1,9),7)

ans = 

 Columns 1 to 7

    0.5241    0.8414    0.4859    1.1266    0.4792    2.3743    2.9095 

 Columns 8 to 9

    0.5825    0.4244 

--> randchi(5*ones(1,9))./randchi(7*ones(1,9))

ans = 

 Columns 1 to 7

    0.3737    0.2363    1.5733    0.7003    1.1385    0.6337    0.4597 

 Columns 8 to 9

    0.2691    0.5190 
