0
y = 4:1:4
