--> randnf(5*ones(1,9),7,1.34)

ans = 

 Columns 1 to 7

    0.5880    1.6093    0.4639    0.7857    2.5543    0.5044    3.3383 

 Columns 8 to 9

    1.4102    1.1489 
