0
y = 5:4
