--> format long
--> a

ans = 

 Columns 1 to 3

  -0.37559630424227   0.09196341864118   0.95155934364300 
   0.50776589164635  -0.20877480315311  -0.31198760445638 
   0.55783547335483   0.76954243414671   0.02264031516947 
  -0.44202929771190  -0.48708606879623  -0.75822963661106 

 Columns 4 to 4

   1.85265231634028 
  -0.23799081322695 
   2.93263318869123 
  -0.50590405332950 

--> b

ans = 
   0.2010476   0.3415550   0.1561587  -0.5460028 
   1.2841575  -0.3808453  -1.2719837  -0.3397521 
  -0.7659672  -0.6251388   2.4811494   0.7956446 
  -0.1726678   0.8576548   1.5701485  -1.5048176 
