0
a = 53
