--> randnchi(5*ones(1,9),0.3)

ans = 

 Columns 1 to 7

   12.8187    1.5030    1.9084    3.6028    1.1185    4.1872    4.5202 

 Columns 8 to 9

    3.4539    0.4578 
