0
a = [1,2,0;4,2,3]
b = [5;3;1]
c = a*b
