0
a = [1,3,4;0,2,1]
b = a * 2
