0
A = [1,2;5,8]
