0
y = 1:.5:4
