--> randgamma(1,15*ones(1,9))

ans = 

 Columns 1 to 7

   10.0227   12.4783   18.0388   21.7056   14.1249   15.9260   22.0177 

 Columns 8 to 9

   15.9170   24.3781 

--> sum(randexp(ones(15,9)))

ans = 

 Columns 1 to 7

   14.5031   12.8908   10.5201   16.9976    9.8463   12.7479   13.6879 

 Columns 8 to 9

   21.7005   11.4172 
