0
E = [B;2.0+3.0*i,i,0.0]
