0
A = [1,2,0;4,1,-1]
A.'
