0
A = 1.5
B = [1,.2;.2,1]
