0
a = [1,2,5,7,3]
b = [2,2,5,9,4]
c = a == b
